3 1 2 4 7 5 6 8 0
1 4 2 3 5 8 6 7 0
3 1 2 4 7 5 6 8 0
1 4 2 3 7 5 6 8 0
0 3 2 4 1 5 6 7 8
1 2 5 3 0 4 6 7 8
3 1 2 6 0 5 7 4 8
3 1 2 6 0 5 7 4 8
1 2 5 3 4 8 6 7 0
1 4 0 3 5 2 6 7 8
3 1 2 6 4 5 7 8 0
1 2 5 3 4 8 6 7 0
1 4 2 3 5 8 6 7 0
1 2 5 3 0 4 6 7 8
1 4 2 3 7 5 6 8 0
1 4 2 3 7 5 0 6 8
1 2 5 3 4 8 6 7 0
1 4 2 3 7 5 6 8 0
3 1 0 4 5 2 6 7 8
1 4 0 3 5 2 6 7 8
1 2 5 3 0 4 6 7 8
3 1 0 4 5 2 6 7 8
1 4 2 3 7 5 6 8 0
1 2 5 3 4 8 6 7 0
3 1 2 6 4 5 7 8 0
0 3 2 4 1 5 6 7 8
3 1 2 6 4 5 7 8 0
1 2 5 3 0 4 6 7 8
3 1 2 4 5 8 6 7 0
1 2 5 3 4 8 6 7 0
1 2 5 3 0 4 6 7 8
3 1 0 4 5 2 6 7 8
1 4 2 3 7 5 0 6 8
3 1 2 4 7 5 6 8 0
1 4 2 3 5 8 6 7 0
3 2 0 4 1 5 6 7 8
0 3 2 4 1 5 6 7 8
3 1 2 6 4 5 7 8 0
3 1 0 4 5 2 6 7 8
3 1 2 4 7 5 6 8 0
1 4 2 6 3 5 0 7 8
3 1 2 6 0 5 7 4 8
3 1 0 4 5 2 6 7 8
3 1 2 6 0 5 7 4 8
3 1 2 6 0 5 7 4 8
3 1 2 6 0 5 7 4 8
3 1 0 4 5 2 6 7 8
1 2 5 3 4 8 6 7 0
3 1 2 4 5 8 6 7 0
1 4 2 3 7 5 0 6 8
1 2 5 3 0 4 6 7 8
1 4 0 3 5 2 6 7 8
1 2 5 3 4 8 6 7 0
3 1 0 4 5 2 6 7 8
1 4 2 3 7 5 6 8 0
3 1 2 6 4 5 7 8 0
1 4 2 3 7 5 6 8 0
0 3 2 4 1 5 6 7 8
1 4 2 3 7 5 6 8 0
0 4 2 1 3 5 6 7 8
3 2 0 4 1 5 6 7 8
3 1 2 6 0 5 7 4 8
3 1 2 4 5 8 6 7 0
1 2 5 3 4 8 6 7 0
3 1 2 4 5 8 6 7 0
3 1 2 6 4 5 7 8 0
1 2 5 3 4 8 6 7 0
1 2 5 3 0 4 6 7 8
1 4 0 3 5 2 6 7 8
1 2 5 3 0 4 6 7 8
1 4 0 3 5 2 6 7 8
3 2 0 4 1 5 6 7 8
3 1 2 6 0 5 7 4 8
1 4 2 3 5 8 6 7 0
1 4 0 3 5 2 6 7 8
3 1 2 6 4 5 7 8 0
1 2 5 3 4 8 6 7 0
3 1 2 4 7 5 6 8 0
1 2 5 3 0 4 6 7 8
3 1 2 6 4 5 7 8 0
1 4 2 3 7 5 0 6 8
3 1 2 6 0 5 7 4 8
3 1 2 6 0 5 7 4 8
1 2 5 3 0 4 6 7 8
1 2 5 3 0 4 6 7 8
3 1 2 4 5 8 6 7 0
1 2 5 3 0 4 6 7 8
1 2 5 3 0 4 6 7 8
3 1 2 4 7 5 0 6 8
1 2 5 3 0 4 6 7 8
0 4 2 1 3 5 6 7 8
0 4 2 1 3 5 6 7 8
3 1 0 4 5 2 6 7 8
3 2 0 4 1 5 6 7 8
1 2 5 3 0 4 6 7 8
3 1 2 4 7 5 0 6 8
3 1 2 6 0 5 7 4 8
1 4 0 3 5 2 6 7 8
3 1 2 6 4 5 7 8 0
3 1 2 6 4 5 7 8 0